1574 8	
1575 9	
1572 9	
1579 9	
1619 8	
1618 8	
1752 8	
1753 9	
1754 8	
1642 8	
1756 8	
1757 8	
1611 8	
1610 8	
1643 8	
1614 8	
1813 9	
1812 9	
1811 9	
1810 9	
1817 9	
1816 9	
1815 9	
1814 9	
1819 9	
1818 9	
1682 8	
1683 8	
1680 8	
1681 8	
1507 7	
1687 8	
1505 8	
1685 8	
1688 8	
1689 8	
1987 9	
1986 9	
1985 9	
1984 9	
1983 9	
1982 9	
1981 9	
1980 9	
1989 9	
1988 9	
1738 8	
1739 8	
1750 8	
1751 8	
1866 9	
1734 8	
1864 9	
1865 9	
1862 9	
1863 9	
1860 9	
1735 8	
1868 9	
1706 8	
1737 8	
1873 9	
1872 9	
1871 9	
1870 9	
1877 9	
1876 9	
1875 9	
1874 9	
1879 9	
1878 9	
1843 9	
1978 9	
1979 9	
1928 9	
1972 9	
1973 9	
1970 9	
1971 9	
1976 9	
1977 9	
1974 9	
1975 9	
1986 9	
1958 9	
1789 9	
1910 9	
1911 9	
1781 8	
1780 9	
1783 9	
1782 8	
1785 9	
1784 9	
1787 9	
1786 9	
1969 9	
1968 9	
1959 9	
1963 9	
1962 9	
1961 9	
1960 9	
1967 9	
1966 9	
1883 9	
1964 9	
1712 8	
1713 8	
1710 8	
1658 8	
1716 8	
1717 8	
1800 9	
1715 8	
1653 8	
1652 8	
1651 9	
1650 8	
1657 9	
1656 8	
1808 9	
1809 9	
1918 9	
1625 9	
1919 9	
1989 9	
1714 8	
1715 8	
1716 8	
1717 8	
1710 8	
1711 8	
1712 8	
1713 8	
1718 8	
1719 8	
1971 9	
1918 9	
1919 9	
1916 9	
1917 9	
1914 9	
1915 9	
1912 9	
1913 9	
1910 9	
1911 9	
1628 8	
1629 8	
1626 9	
1686 8	
1624 9	
1625 9	
1623 8	
1620 8	
1621 8	
1684 8	
1970 9	
1977 9	
1660 8	
1661 8	
1662 8	
1663 9	
1664 8	
1665 8	
1666 8	
1667 8	
1668 9	
1669 8	
1938 9	
1985 9	
1984 9	
1828 9	
1829 9	
1981 9	
1980 9	
1983 9	
1982 9	
1822 9	
1823 9	
1820 9	
1821 9	
1769 8	
1827 9	
1824 9	
1825 9	
1962 9	
1939 9	
1988 9	
1925 9	
1924 9	
1848 9	
1849 9	
1921 9	
1920 9	
1923 9	
1922 9	
1842 9	
1843 9	
1840 9	
1841 9	
1846 9	
1847 9	
1844 9	
1845 9	
1941 9	
1952 9	
1949 9	
1598 8	
1898 9	
1956 9	
1957 9	
1954 9	
1955 9	
1592 8	
1593 8	
1590 9	
1890 9	
1897 9	
1597 7	
1594 8	
1595 8	
1662 8	
1663 9	
1589 8	
1588 8	
1666 8	
1667 8	
1664 8	
1665 8	
1582 9	
1581 8	
1669 8	
1587 9	
1584 8	
1564 8	
1749 8	
1748 8	
1745 8	
1744 8	
1747 8	
1746 8	
1741 8	
1740 8	
1743 8	
1742 8	
1624 9	
1564 8	
1626 9	
1620 8	
1621 8	
1563 9	
1623 8	
1628 8	
1568 8	
1783 9	
1749 8	
1748 8	
1747 8	
1746 8	
1745 8	
1744 8	
1743 8	
1742 8	
1741 8	
1740 8	
1780 9	
1786 9	
1691 8	
1690 8	
1693 8	
1692 8	
1695 8	
1694 8	
1697 8	
1696 8	
1699 8	
1698 8	
1784 9	
1781 8	
1714 8	
1707 8	
1867 9	
1875 9	
1874 9	
1877 9	
1876 9	
1871 9	
1870 9	
1873 9	
1872 9	
1879 9	
1878 9	
1701 8	
1700 8	
1861 9	
1703 8	
1702 8	
1888 9	
1889 9	
1886 9	
1887 9	
1884 9	
1885 9	
1882 9	
1883 9	
1880 9	
1881 9	
1969 9	
1968 9	
1813 9	
1961 9	
1960 9	
1963 9	
1706 8	
1965 9	
1964 9	
1967 9	
1966 9	
1766 8	
1785 9	
1869 9	
2005 9	
1815 9	
1814 9	
1817 9	
1816 9	
1811 9	
1810 9	
1707 8	
1812 9	
1709 8	
1708 8	
1634 9	
1819 9	
1818 9	
1768 8	
1520 8	
1527 8	
1525 8	
1524 9	
1680 8	
1681 8	
1682 8	
1683 8	
1684 8	
1685 8	
1686 8	
1687 8	
1688 8	
1520 8	
1709 8	
1708 8	
1525 8	
1524 9	
1527 8	
1926 9	
1771 8	
1801 9	
1909 9	
1908 9	
1905 9	
1904 9	
1907 9	
1906 9	
1901 9	
1900 9	
1903 9	
1902 9	
1798 9	
1638 8	
1635 9	
1634 9	
1637 9	
1636 8	
1631 8	
1630 8	
1792 9	
1632 8	
1703 8	
1702 8	
1929 9	
1701 8	
1928 9	
1776 8	
1777 8	
1774 9	
1700 8	
1772 8	
1773 8	
1679 8	
1678 8	
1677 8	
1676 8	
1675 8	
1674 8	
1673 8	
1672 8	
1671 8	
1670 8	
1705 8	
1515 8	
1704 8	
1839 9	
1838 9	
1689 8	
1831 9	
1830 9	
1833 9	
1832 9	
1835 9	
1834 9	
1837 9	
1836 9	
1940 9	
1826 9	
1807 9	
1859 9	
1858 9	
1912 9	
1913 9	
1914 9	
1915 9	
1916 9	
1917 9	
1851 9	
1850 9	
1853 9	
1852 9	
1855 9	
1854 9	
1857 9	
1856 9	
2007 9	
1779 9	
1589 8	
1588 8	
1943 9	
1942 9	
1945 9	
1944 9	
1947 9	
1946 9	
1581 8	
1948 9	
1582 9	
1584 8	
1587 9	
1671 8	
1670 8	
1673 8	
1672 8	
1675 8	
1674 8	
1677 8	
1676 8	
1679 8	
1678 8	
1899 9	
1778 9	
1779 9	
1951 9	
1515 8	
1770 8	
1771 8	
1772 8	
1773 8	
1774 9	
1775 8	
1776 8	
1777 8	
1632 8	
1631 8	
1630 8	
1637 9	
1636 8	
1635 9	
1788 9	
1638 8	
1893 9	
1738 8	
1739 8	
1953 9	
1892 9	
1732 8	
1733 8	
1730 8	
1731 8	
1736 8	
1737 8	
1734 8	
1735 8	
1993 9	
1896 9	
1794 9	
1950 9	
1895 9	
1894 9	
1799 9	
1660 8	
1795 9	
1646 9	
1647 8	
1644 8	
1661 8	
1642 8	
1643 8	
1640 8	
1641 8	
1796 9	
1648 9	
1649 9	
1797 9	
1790 9	
1791 9	
1840 9	
1841 9	
1842 9	
1645 8	
1844 9	
1845 9	
1846 9	
1847 9	
1848 9	
1849 9	
1793 9	
1668 9	
1954 9	
1955 9	
1956 9	
1957 9	
1899 9	
1898 9	
1952 9	
1953 9	
1895 9	
1894 9	
1897 9	
1896 9	
1891 9	
1890 9	
1893 9	
1892 9	
1891 9	
1965 9	
1563 9	
1806 9	
1807 9	
1541 8	
1659 8	
1711 8	
1802 9	
1803 9	
1820 9	
1821 9	
1822 9	
1823 9	
1824 9	
1825 9	
1826 9	
1827 9	
1828 9	
1829 9	
1736 8	
1801 9	
1730 8	
1731 8	
1732 8	
1733 8	
1775 8	
1568 8	
1718 8	
1719 8	
1770 8	
1699 8	
1698 8	
1697 8	
1696 8	
1695 8	
1694 8	
1693 8	
1692 8	
1691 8	
1690 8	
1927 9	
1655 8	
1654 8	
1938 9	
1939 9	
1958 9	
1930 9	
1931 9	
1932 9	
1933 9	
1934 9	
1935 9	
1936 9	
1937 9	
1789 9	
1788 9	
1778 9	
1600 8	
1782 8	
1602 7	
1603 8	
1787 9	
1605 8	
1606 8	
1607 9	
1959 9	
2002 9	
1934 9	
1629 8	
1765 8	
1764 8	
1767 8	
1935 9	
1761 8	
1760 8	
1763 9	
1762 8	
1602 7	
1603 8	
1600 8	
1606 8	
1607 9	
1605 8	
1804 9	
1805 9	
1806 9	
1759 8	
1800 9	
1930 9	
1802 9	
1803 9	
1931 9	
1808 9	
1809 9	
1723 8	
1993 9	
1722 8	
1987 9	
1721 8	
2004 9	
1720 8	
1727 8	
1726 8	
1998 9	
1999 9	
1990 9	
1831 9	
1990 9	
1991 9	
1992 9	
1724 8	
1994 9	
1995 9	
1996 9	
1997 9	
1991 9	
2006 9	
1755 8	
1864 9	
1865 9	
1866 9	
1867 9	
1860 9	
1861 9	
1862 9	
1863 9	
1868 9	
1869 9	
2008 9	
1909 9	
1908 9	
1907 9	
1906 9	
1905 9	
1904 9	
1903 9	
1902 9	
1901 9	
1900 9	
1612 8	
2001 9	
2000 9	
1950 9	
2003 9	
1951 9	
1798 9	
1799 9	
1792 9	
1793 9	
1790 9	
1791 9	
1796 9	
1797 9	
1794 9	
1795 9	
1978 9	
1979 9	
1758 9	
2008 9	
2007 9	
2006 9	
2005 9	
2004 9	
2003 9	
2002 9	
2001 9	
2000 9	
1767 8	
1766 8	
1765 8	
1764 8	
1648 9	
1649 9	
1761 8	
1760 8	
1644 8	
1645 8	
1646 9	
1647 8	
1640 8	
1641 8	
1769 8	
1768 8	
1505 8	
1507 7	
1804 9	
1541 8	
1729 8	
1728 8	
1721 8	
1720 8	
1723 8	
1722 8	
1725 8	
1724 8	
1727 8	
1726 8	
1805 9	
1923 9	
1922 9	
1998 9	
1920 9	
1655 8	
1654 8	
1657 9	
1656 8	
1651 9	
1650 8	
1653 8	
1652 8	
1659 8	
1658 8	
1999 9	
1996 9	
1997 9	
1994 9	
1995 9	
1992 9	
1929 9	
1859 9	
1858 9	
1857 9	
1856 9	
1855 9	
1854 9	
1853 9	
1852 9	
1851 9	
1850 9	
1943 9	
1942 9	
1941 9	
1940 9	
1947 9	
1946 9	
1945 9	
1944 9	
1949 9	
1948 9	
1885 9	
1579 9	
1572 9	
1574 8	
1575 9	
1974 9	
1619 8	
1975 9	
1618 8	
1976 9	
1936 9	
1937 9	
1729 8	
1728 8	
1932 9	
1933 9	
1839 9	
1838 9	
1837 9	
1836 9	
1835 9	
1834 9	
1833 9	
1832 9	
1725 8	
1830 9	
1972 9	
1973 9	
1927 9	
1926 9	
1925 9	
1924 9	
1888 9	
1889 9	
1921 9	
1705 8	
1884 9	
1763 9	
1886 9	
1887 9	
1880 9	
1881 9	
1882 9	
1762 8	
1614 8	
1598 8	
1612 8	
1611 8	
1610 8	
1594 8	
1595 8	
1597 7	
1590 9	
1592 8	
1593 8	
1704 8	
1758 9	
1759 8	
1756 8	
1757 8	
1754 8	
1755 8	
1752 8	
1753 9	
1750 8	
1751 8
