1505	48185
1507	75602
1515	489637
1520	88835
1524	456073
1525	5599
1527	7446
1541	8677
1563	366197
1564	112486
1568	263076
1572	302800
1574	97372
1575	300909
1579	352594
1581	1173642
1582	253511
1584	248125
1587	428486
1588	70991
1589	61211
1590	993806
1592	164175
1593	66563
1594	19012
1595	55039
1597	18561
1598	138223
1600	672654
1602	5297
1603	116704
1605	24922
1606	106703
1607	642371
1610	10299
1611	82014
1612	84135
1614	14913
1618	33722
1619	92190
1620	375438
1621	108424
1623	202089
1624	247797
1625	112531
1626	71910
1628	11100
1629	473575
1630	248004
1631	677878
1632	71285
1634	242963
1635	412625
1636	52164
1637	1076407
1638	376256
1640	97557
1641	76397
1642	226425
1643	285980
1644	1662726
1645	414962
1646	94774
1647	534203
1648	784436
1649	441224
1650	322503
1651	895824
1652	284388
1653	636349
1654	63018
1655	476319
1656	1096120
1657	524259
1658	1370115
1659	882005
1660	216193
1661	220373
1662	391633
1663	347805
1664	497616
1665	449295
1666	137494
1667	1302714
1668	1821572
1669	574960
1670	1240545
1671	247449
1672	685518
1673	1578133
1674	213771
1675	2772228
1676	3022171
1677	1360177
1678	3317326
1679	1867008
1680	1841436
1681	4346866
1682	6259563
1683	7017645
1684	2858479
1685	3914660
1686	2149173
1687	1973350
1688	4324320
1689	1645840
1690	1520797
1691	532695
1692	2837995
1693	1750684
1694	3417156
1695	2009539
1696	1383346
1697	1594534
1698	5276336
1699	4779670
1700	6326628
1701	6600636
1702	8362863
1703	7051898
1704	8273915
1705	8288985
1706	11358341
1707	9079978
1708	10889564
1709	5614400
1710	11579336
1711	11229878
1712	6428006
1713	7909471
1714	13123388
1715	10678850
1716	8500987
1717	11756629
1718	8701693
1719	8367223
1720	15841936
1721	11788576
1722	17675824
1723	12731357
1724	14350302
1725	17656507
1726	16721949
1727	21814468
1728	18872006
1729	20701197
1730	20423867
1731	21856056
1732	17139285
1733	9631383
1734	17004715
1735	15293240
1736	13470545
1737	22114660
1738	23167172
1739	19399881
1740	19115146
1741	13574416
1742	19345325
1743	15916833
1744	23414169
1745	15139034
1746	12099562
1747	26663050
1748	25733634
1749	21075632
1750	32420208
1751	33923797
1752	24159503
1753	32360162
1754	34498656
1755	34229005
1756	14719546
1757	23092570
1758	28777188
1759	35732038
1760	24629788
1761	29899522
1762	18974795
1763	33846918
1764	31475093
1765	26287139
1766	44948323
1767	33733593
1768	45960121
1769	30907865
1770	36956435
1771	33744963
1772	33810259
1773	31536162
1774	32624420
1775	42375304
1776	44817699
1777	38076434
1778	34908493
1779	30894611
1780	32468002
1781	35986114
1782	35877681
1783	35234069
1784	44979213
1785	44494390
1786	46485965
1787	69123193
1788	72237407
1789	63824721
1790	68001237
1791	74648896
1792	79841680
1793	70327472
1794	81788291
1795	77625762
1796	94123889
1797	78976636
1798	77746700
1799	84489547
1800	119481928
1801	181117895
1802	161336724
1803	176368802
1804	192190506
1805	194411821
1806	199362504
1807	217115118
1808	219947920
1809	232934883
1810	254524326
1811	298966211
1812	291370093
1813	244361539
1814	284032464
1815	265100722
1816	272863117
1817	308496410
1818	345367309
1819	294504967
1820	391439644
1821	306396515
1822	457448151
1823	431062251
1824	521965526
1825	538862334
1826	412888008
1827	430526825
1828	464873880
1829	498251519
1830	580878471
1831	532374803
1832	533448032
1833	527911847
1834	512930144
1835	604964240
1836	623561182
1837	573958552
1838	609192712
1839	702393240
1840	719751628
1841	657575854
1842	592658439
1843	686055686
1844	712267922
1845	776778021
1846	780602374
1847	754767473
1848	792294620
1849	803601844
1850	857277806
1851	914480953
1852	949805405
1853	1063332016
1854	1161680217
1855	1028290393
1856	1109675207
1857	964109780
1858	920386089
1859	998081101
1860	1031761679
1861	785266654
1862	673084706
1863	709088099
1864	836076030
1865	854619776
1866	929777315
1867	880256261
1868	928101041
1869	946454966
1870	931419883
1871	951256351
1872	960748212
1873	991973529
1874	1080491180
1875	1093740267
1876	1148644876
1877	1133155202
1878	1066891633
1879	1111342804
1880	1331688357
1881	1340395680
1882	1406022144
1883	1579595119
1884	1495446231
1885	1453638373
1886	1235324737
1887	1362274024
1888	1352260978
1889	1297010137
1890	1337375294
1891	1444146425
1892	1589912743
1893	1554945360
1894	1529320304
1895	1674781901
1896	1784490761
1897	1752409778
1898	1885263430
1899	2094000659
1900	2279274469
1901	2185738238
1902	2227020935
1903	2155096706
1904	2391515732
1905	2300185182
1906	2375521014
1907	2400233198
1908	2412627850
1909	2184819186
1910	2306697744
1911	2302041818
1912	2439864265
1913	2316390015
1914	2262964877
1915	2071408888
1916	2008001959
1917	2023007774
1918	1780373807
1919	1948800366
1920	2377305572
1921	2083181721
1922	2418691373
1923	1969410723
1924	1829455463
1925	1900928289
1926	1800285249
1927	2077559312
1928	2073345349
1929	1970629661
1930	2129425933
1931	2023283285
1932	1809306943
1933	1565487271
1934	1800635767
1935	1974430709
1936	2049737439
1937	2104646275
1938	2156674937
1939	2136336897
1940	2014703015
1941	1852304218
1942	1786377042
1943	1523423006
1944	1388844528
1945	1583312803
1946	2055780351
1947	2369130577
1948	2538203521
1949	2801922871
1950	2807082578
1951	2735814375
1952	2766020631
1953	2709807424
1954	2832612874
1955	2983992431
1956	3094646879
1957	3326281628
1958	3362071138
1959	3514432578
1960	3985796627
1961	4366060916
1962	4793103208
1963	5020456530
1964	4978821177
1965	5608577440
1966	5888625112
1967	6209951608
1968	6741017221
1969	6689651874
1970	6933239134
1971	6883480532
1972	7075971127
1973	6876148413
1974	6845135668
1975	6942856339
1976	7168585085
1977	7286396999
1978	7366122226
1979	7635184621
1980	7770027585
1981	7784379909
1982	8139092600
1983	8369665680
1984	8919873936
1985	9188092528
1986	9722943938
1987	9962409314
1988	10390118194
1989	10982541336
1990	11857441667
1991	11548618946
1992	12727806325
1993	12543289646
1994	13433105589
1995	13851222100
1996	14634270808
1997	15029280264
1998	15746420264
1999	16733114234
2000	18734272879
2001	18998739041
2002	20947412183
2003	22823060606
2004	24620784639
2005	24133278603
2006	25607693758
2007	27125898951
2008	32687543624
